10 10 400
93 241 417 241 0
417 241 417 337 0
417 337 721 337 0
721 337 721 241 0
721 241 1281 241 0
1281 241 1281 337 0
1281 337 1605 337 0
1605 337 1605 241 0
1605 241 2165 241 0
2165 241 2165 337 0
2165 337 2489 337 0
2489 337 2489 241 0
2489 241 2781 241 0
2781 241 2781 273 0
2781 273 2593 273 0
2593 273 2593 993 0
2593 993 2781 993 0
2781 993 2781 1089 0
2781 1089 2781 1569 0
2781 1569 2781 2009 0
2781 2009 2301 2009 0
2301 2009 2301 1769 0
2301 1769 2781 1769 0
2301 1769 2301 1329 0
2301 1329 1981 1329 0
1981 1329 1982 1969 0
1982 1969 2302 1969 0
2301 2009 1981 2009 0
1981 2009 1981 1969 0
1981 2009 1501 2009 0
1501 2009 1501 1769 0
1501 1769 1981 1769 0
1501 2009 1385 2009 0
1385 2009 1385 1833 0
1385 1833 905 1834 0
905 1834 905 2010 0
905 2010 1385 2010 0
905 2010 905 2002 0
905 2002 425 2002 0
425 2002 425 1826 0
425 1826 905 1826 0
905 1826 905 1834 0
905 2010 329 2010 0
329 2010 -2 2010 0
-2 2010 -22 2010 0
-22 2010 -21 1278 0
-21 1278 50 1278 0
50 1278 50 1630 0
50 1630 -21 1630 0
50 1630 850 1630 1
905 1826 905 1634 1
962 1634 849 1634 0
849 1634 850 1274 0
850 1274 962 1274 0
962 1274 962 1634 0
962 1274 1202 1274 0
1202 1274 1202 1754 0
1202 1754 962 1754 0
962 1754 962 1634 0
-21 1278 458 1278 0
458 1278 458 1038 0
458 1038 -21 1038 0
-21 1038 -21 1278 0
458 1038 618 1038 0
618 1038 618 718 0
618 718 -21 719 0
-21 719 -21 1039 0
-21 719 -21 243 0
93 241 -19 240 0
-21 243 -19 240 0
417 241 2489 241 0
2781 273 2781 1041 0
1981 1329 1982 1025 1
1981 1025 2301 1025 0
2301 1025 2302 385 0
2302 385 1982 385 0
1982 385 1982 1025 0
1981 1025 1982 973 1
1982 973 1950 973 1
1950 973 1950 333 0
1950 333 1630 333 0
1630 333 1630 973 0
1630 973 1950 973 0
1630 973 1614 973 1
1614 973 1614 653 0
1614 653 974 653 0
974 653 974 973 0
974 973 1614 973 0
